26.19142797589302
25.712360434234142
25.10727122798562
24.77315405756235
23.726994451135397
22.564631279557943
21.775140952318907
21.361731842160225
20.36984558776021
20.686555292457342
20.180815063416958
19.654803907498717
18.872561521828175
19.20893096551299
18.722686275839806
18.621333861723542
18.399238085374236
17.86955645866692
17.68299473170191
17.537771487608552
17.227083790116012
17.139990657567978
17.40112484805286
17.131775818765163
17.266145047731698
16.317760210484266
16.69963580928743
15.302832988090813
15.626791306771338
16.147794526070356
15.691976133733988
15.773359037935734
15.664645050652325
15.242428950034082
14.679346575401723
15.112199888564646
14.24973419494927
14.216550375334918
14.693160148337483
14.414330276660621
14.337457874789834
13.936796044930816
14.028032940812409
13.780292351730168
13.637294732965529
13.469483614899218
13.566632450558245
12.55706496629864
13.037027252838016
12.437818578444421
12.582834668457508
12.682485597208142
12.025123888626695
11.945143863093108
11.480625728145242
12.307730031199753
11.611847735010087
12.00583934597671
11.01221656985581
11.495159337297082
10.401481833308935
10.26410668157041
10.714657299220562
10.292520307004452
9.844994851388037
9.978088658303022
9.325580918230116
9.224941593594849
9.827417761087418
8.580631924793124
8.870092450641096
8.743443160317838
7.811825709417462
7.410826084204018
8.398383640684187
7.624888555612415
8.051569930277765
7.879753869958222
7.32272132858634
6.377801503520459
6.789542707148939
6.017368155531585
6.372021036688238
5.906581572722644
6.734984408598393
5.543083533179015
4.964186345227063
4.745186377316713
4.904524277430028
3.9506671838462353
4.0583407348021865
4.290934192016721
3.77474024053663
3.8274947172030807
3.1213001129217446
3.7055599419400096
2.833117234520614
2.8987902915105224
2.8411005060188472
2.7127267522737384
