25.082547400146723
23.225981118157506
21.888669587671757
21.38619542401284
19.11301958374679
18.98269039299339
18.648598143830895
17.744301594793797
16.743109735660255
15.775814625434577
15.859153559431434
14.637128653936088
14.21666738204658
14.163355655036867
12.929404048249125
13.009924832731485
12.31835381872952
11.874308030121028
11.94770615361631
11.5999002661556
10.790537413209677
11.243474238552153
9.822203245945275
9.580175183713436
9.91123019065708
9.179386395495385
8.923600861802697
8.46168100181967
8.942862865515053
8.380365802906454
7.579330024309456
7.985724430531263
8.170435713138431
8.044768275693059
7.82055433653295
8.01516497740522
7.344455188140273
6.929408635944128
6.551884882617742
6.284207052085549
6.755923449061811
5.798644645139575
6.114278053864837
5.824363698251545
6.41723415395245
5.449530906043947
5.161231966223568
5.175448708701879
5.450201954226941
5.122826951090246
6.040572469588369
4.749029165133834
5.127027772832662
4.2645624140277505
4.578855491708964
4.405225563328713
3.7164540514349937
5.286258553154767
3.942439939826727
3.67720744619146
3.7641676389612257
3.795444999355823
4.208611659239978
3.5487467260099947
3.826773163396865
2.8432940687052906
3.083860579878092
2.9555644025094807
2.7518939031288028
2.430279836524278
2.2800152231939137
1.507580479606986
2.589090510737151
2.5040051387622952
2.321525509469211
2.1725444002076983
1.970586244482547
1.5858834399841726
1.9960137335583568
1.5505824754945934
1.1381000624969602
1.1976401708088815
1.3020944250747561
0.8978390712291002
0.6896066628396511
1.0732734398916364
0.954542723018676
0.9373515136539936
0.9261734001338482
0.7539431913755834
0.6618400756269693
0.6929849092848599
1.01954828761518
0.518267560750246
0.7405236414633691
0.47259244974702597
0.669660453684628
0.47220845287665725
0.6573461331427097
0.5969194299541414
