104.86320081725717
100.262569937855
95.66101795062423
93.71963779255748
87.92271993681788
84.00177299231291
84.03629111498594
79.74579648673534
78.0268495194614
80.06563438847661
73.96717295050621
72.279571371153
73.37403535842896
68.89491103962064
71.76906743086874
71.9393739104271
69.38454450294375
65.58166220784187
62.3990088570863
65.97661514207721
63.13655988872051
61.22931995987892
60.548238361254334
59.318677296862006
59.01570666767657
57.00391986221075
56.173322601243854
60.44798053614795
56.517375104129314
53.49072390422225
52.70404881797731
54.94260492362082
55.41299705952406
50.8324882928282
52.62553832307458
52.19570646621287
50.0706662517041
48.656387535855174
48.75241254270077
49.509044805541635
49.5157729908824
47.18003314174712
43.70531599037349
48.749620201066136
46.71316914446652
44.92565928027034
42.98103453963995
45.20994419232011
44.16651685908437
42.942193085327744
38.98904900997877
42.11516989581287
40.429993487894535
38.175276475027204
37.12423095293343
39.35473622009158
38.976191671565175
38.38341151736677
39.28634940087795
36.14561142772436
36.74924671649933
37.31029608286917
33.48845058679581
34.17048490792513
35.81162962503731
35.395304108038545
33.54164267331362
32.27727381512523
33.294109305366874
30.008871166035533
32.278209602460265
28.43153816461563
31.103350054472685
28.01967960782349
26.988257171586156
29.36503791809082
28.089270351454616
26.67387168481946
25.897218097001314
23.40070390328765
23.447834311053157
21.969803892076015
22.581635985523462
20.885423908010125
21.349430302157998
22.215187257155776
19.5634811706841
17.525406343862414
16.407943721860647
16.94733265787363
15.031445104628801
14.044740358367562
15.05619090795517
13.65328954346478
12.059071632102132
12.018621772527695
11.369189178571105
11.300899408757687
10.441500602290034
11.221711445599794
