97.18539007380605
88.95647677406669
81.05099595338106
79.29648196324706
73.74406275525689
73.1670166477561
68.1909580398351
60.700269961729646
62.942877642810345
57.42215095087886
54.403504157438874
52.705527728423476
48.77922762557864
49.41212389804423
45.60621679201722
44.06255718879402
42.715596014633775
40.285731840878725
36.76459682919085
35.28697298653424
34.92262181639671
35.72964915819466
30.87966414168477
33.02623390033841
34.15795155800879
30.093117786571383
30.411104559898376
26.612714199349284
27.10711525566876
28.123627725988626
25.966687193140388
21.48809216916561
23.182008497416973
23.012517254799604
22.365482043474913
19.671453146263957
16.752616992220283
23.068632951006293
21.882449250668287
13.62741943448782
16.165052404627204
17.94481543637812
18.015392584726214
17.677482033148408
19.328047772869468
16.54911790601909
13.398928984999657
15.392146086320281
16.29860270023346
9.779272248968482
11.043358208611608
11.732598327100277
11.11134416051209
12.494156202301383
11.465095333755016
13.691376717761159
8.773716317489743
13.26918264850974
14.316060401499271
7.985722919926047
9.11587910912931
10.797339288517833
9.28030176088214
10.005871234461665
9.280394753441215
9.613325741142035
7.073909156024456
5.611864561215043
5.021092500537634
10.423241913318634
10.034195326268673
6.569033037871122
9.636299831792712
8.284889860078692
6.249371560290456
4.848615353927016
5.211348034441471
5.257116422057152
4.4876721035689116
4.261452941223979
3.2141455709934235
4.389893462881446
3.3112280536442995
4.6574636697769165
3.4982006698846817
4.1741087678819895
4.250015387311578
3.29606706649065
3.1699864249676466
2.8583065308630466
3.259812641888857
2.813567189499736
2.6669300869107246
2.6832645684480667
2.432735402137041
2.4462226014584303
2.509354755282402
2.5034076124429703
2.4255335927009583
2.12620197981596
