105.12052311003208
94.88418414071202
87.64238897152245
79.31251068599522
70.91843161918223
68.88182425126433
67.10351114161313
60.704225581139326
56.35724903270602
54.961637219414115
51.2494258210063
46.517545690760016
45.89047603867948
43.476470375433564
42.490491196513176
41.436635084450245
40.65596575476229
38.53251978754997
37.786230098456144
38.41414683312178
34.54297003895044
34.632964473217726
33.6969502530992
33.70526586100459
31.01028918661177
30.458668928593397
30.318236207589507
30.36836853250861
26.54287108965218
27.054348157718778
26.929365433752537
28.152405014261603
27.405307818204165
27.341976698487997
26.62787019275129
24.73332799784839
25.140758799389005
24.35629458166659
21.563950460404158
25.335515450686216
22.331063540652394
23.194595053792
21.42470565624535
20.19672068208456
21.57714396342635
20.634997503831983
21.984007632359862
15.706999655812979
18.3005840908736
16.676568310707808
17.293609466403723
18.39899042993784
18.37283780425787
15.613667631521821
12.578749056905508
16.565035281702876
12.577633446082473
17.03570562414825
18.67283257469535
13.526501828804612
13.76857397891581
14.107923943549395
12.625176290050149
13.27692941389978
11.562596501782537
11.297700645402074
11.285292696207762
8.637357447296381
10.004210732877254
8.463428366929293
10.43344496563077
8.93277165479958
8.570325864478946
6.522066626697779
8.370720544829965
5.38103586435318
7.01022981479764
6.33549477159977
5.139706859365106
6.72075180336833
5.317292155697942
4.447936164215207
4.7959861792624
5.070432370528579
4.567918984219432
4.7645717691630125
3.8083362709730864
3.0989956352859735
3.4337113350629807
3.043848652392626
3.3476612735539675
2.6792057529091835
4.089086141437292
3.0624806247651577
2.356372360140085
2.1083548832684755
1.9362140987068415
1.910652657970786
2.305205311626196
1.9845199510455132
